 count | start_date_year
-------+-----------------
     1 | 1900
     1 | 1931
     1 | 1948
     1 | 1957
     1 | 1958
     1 | 1964
     2 | 1965
     3 | 1966
     1 | 1967
     2 | 1969
     2 | 1970
     7 | 1971
     9 | 1972
     4 | 1973
     2 | 1974
     4 | 1975
    20 | 1976
    23 | 1977
    22 | 1978
    14 | 1979
    22 | 1980
    15 | 1981
    21 | 1982
    35 | 1983
    39 | 1984
    48 | 1985
    50 | 1986
    62 | 1987
    94 | 1988
   102 | 1989
   121 | 1990
   173 | 1991
   218 | 1992
   296 | 1993
   330 | 1994
   496 | 1995
   632 | 1996
   849 | 1997
  1271 | 1998
  1713 | 1999
  2223 | 2000
  2874 | 2001
  4089 | 2002
  5614 | 2003
  7394 | 2004
  9284 | 2005
 11235 | 2006
 12817 | 2007
 14764 | 2008
 16092 | 2009
 17126 | 2010
 18003 | 2011
 18888 | 2012
 19712 | 2013
 21634 | 2014
 22911 | 2015
 24141 | 2016
 23869 | 2017
 23002 | 2018
  1124 | 2019
    49 | 2020
     3 | 2021
     1 | 2025
     5 | 2100
  4718 |
